150
AT_AT2G37260.1|PACid_19638141      0.0000000 3.0502281 1.8642036 1.2697039 2.2281665 2.5359249 1.2513125 3.0806927 1.3681599 3.3083023 2.8672098 2.1992713 1.3275685 2.1903505 1.8400228 2.3637444 2.0448827 2.1775000 2.8801308 1.8761562 2.4019034 1.6403808 2.4017958 2.3656472 2.4773474 2.8018022 1.9796630 2.1601159 1.5024851 2.5807969 2.9759994 1.8257113 2.2181936 2.4914029 2.4525156 1.8666454 2.1945188 2.2433014 1.8591481 1.3227572 1.4906101 2.7039158 1.7620379 2.9435281 2.0095293 2.9667913 2.2939118 2.6361670 2.0404836 1.4835968 1.4333692 1.1715803 3.2744529 1.9246882 2.1585939 2.3001538 1.7614076 1.7385180 2.4562642 2.0858341 1.9610797 2.3260794 1.6095072 2.4071410 2.2253690 1.7737295 1.0172053 4.2463583 2.4462544 3.0834290 2.0543263 1.9488665 1.7731524 3.3816511 2.2256683 2.7683987 1.6372446 1.7306268 2.1763422 2.9367783 2.9673602 1.6950809 2.1577597 2.4447596 1.6148622 3.3098233 2.7345287 2.0343596 1.5137550 4.0774664 3.4874480 2.1395420 2.7075180 2.8246440 2.2620586 3.3153812 2.5539617 1.9651529 2.6853550 3.1391153 2.1321670 3.1979561 1.2432281 2.1160836 2.3379408 3.5993960 1.3289555 2.1805734 2.3151145 2.1992957 2.2384032 2.1768589 2.5726609 1.3322619 2.3222760 1.9848097 1.8201361 1.3272910 6.2866718 3.0404810 2.6622254 3.1367390 1.5723368 2.4475524 2.1389304 2.1251400 2.3084532 2.9354617 2.4684878 2.2732355 2.1619703 1.9105134 2.6272007 1.9696609 1.7458259 2.7731346 2.5100672 2.2001120 1.1730970 2.5426974 1.7388092 2.4615664 5.6019064 2.8100702 2.7970951 2.2906822 2.7633652 0.8674263 1.3391007 2.7388574 
AT_AT2G40750.1|PACid_19638309      3.0502281 0.0000000 2.4351677 3.3371286 2.9237302 3.2581570 1.6679524 2.9511525 3.4582309 3.2194586 2.2840402 2.2529748 3.0592143 2.2067770 3.8000704 2.8367534 2.7044880 4.2509951 3.2971638 2.4470179 1.9445397 4.1532302 3.8660239 3.9769751 2.6972199 2.3967165 3.8814715 2.3396122 3.5651791 1.9185107 3.9786407 2.8054225 2.4476240 2.5927498 3.3194886 2.4896119 3.0230026 2.3396825 2.3554475 2.9508254 2.5444294 4.1982255 2.5196387 3.4947111 2.0906782 2.7180765 2.4646568 3.2858089 2.0775117 1.8930446 2.6581629 3.2487061 3.2420626 2.7017179 0.8095929 2.8259936 3.9268155 2.4861858 2.3508923 2.8220154 2.3908260 2.7385797 2.0668692 2.4148788 3.1965929 3.0327708 3.0397884 3.4343682 2.9422277 2.9490475 2.0965324 3.8925778 4.1228522 3.3298781 2.1434924 2.3784081 3.8506735 2.8364632 2.7992228 3.2531814 4.3820163 2.8072971 3.2537902 1.9529579 3.5963117 4.1424591 2.5627012 3.2015780 3.9562144 5.3284772 3.2215145 2.9619683 2.4677005 3.3543759 2.6932971 3.8095701 3.0844335 2.2148281 2.4703736 3.2052878 3.7860233 3.4822466 3.3760750 1.8371739 2.7351665 3.9622569 3.8756998 2.5421166 2.3558662 2.3258051 2.7422232 2.0930277 2.8302442 3.1255522 1.6674710 3.5832544 2.8130318 2.7087492 5.7068950 3.2628581 4.0476300 2.9378392 3.7779723 2.5071039 2.5252929 2.5101097 3.8684782 3.4231120 2.4003529 4.0563774 2.5365315 1.8980883 2.6212809 2.3391088 3.8015313 3.5993521 3.1020160 1.6920666 1.5268967 2.8633945 1.8973806 2.7490907 5.0140610 2.2258984 2.1678494 3.4435258 3.8755554 1.8122430 3.5647572 2.6535491 
AT_AT2G44745.1|PACid_19638720      1.8642036 2.4351677 0.0000000 1.6397429 1.4649858 2.0289535 0.5690952 2.3964657 1.4972254 1.8593200 1.9129793 2.3526429 1.6002292 1.8867350 2.1011235 1.9172966 1.5622030 2.1066977 1.8711538 1.5532829 2.5336915 1.6834944 1.9966108 1.8961860 1.8011697 2.1492377 2.0656067 1.0300780 1.6642283 2.4447482 2.2004856 1.7910775 0.8281607 1.7935494 1.4618001 1.1355301 1.7237875 2.0373609 1.0474941 1.5261033 1.7138005 2.1342602 1.2826084 1.9294534 2.0748648 2.5916809 2.2490876 2.5440009 2.1164018 0.9275266 1.6720114 1.4210150 2.0510085 1.2517444 2.0124299 1.4134998 1.6273200 0.8855511 2.0547803 1.8871909 1.0408315 1.2264198 0.9334809 2.3851465 1.7881745 1.2308780 1.3868464 2.8921158 1.8760189 1.8358998 2.5489692 1.5406808 1.9452395 2.3601669 0.5916157 1.8848817 1.5150844 1.1545018 1.2583485 1.9187205 2.0614792 1.9805799 1.9074458 1.9849240 2.0686362 1.8717662 1.2112957 0.6987899 1.5071527 3.9504868 1.9548716 1.4004583 2.5594012 1.6311230 2.0525951 2.4684076 1.6949464 1.8360028 2.3976417 1.7920407 1.5487425 2.0009882 1.3311838 2.0778357 1.2259289 2.1442678 1.5554870 1.2306336 2.1526510 1.0480517 1.7098707 1.0535213 2.0258947 2.1966567 1.8891634 2.7119925 1.8625787 1.4158381 4.1812655 1.7907266 2.0445742 2.0996385 1.6106401 1.9716398 1.9233001 1.3761141 2.1707767 2.0101968 2.4414543 2.0847793 1.2583501 0.8100880 1.0889895 1.1836687 1.5623886 1.8299590 2.5447820 2.2085920 0.6262228 2.1527158 1.0170347 1.8969902 4.1798847 2.2876996 2.3990011 1.9167948 1.8028091 0.6203036 1.4978835 2.2701894 
AT_AT2G03340.1|PACid_19638813      1.2697039 3.3371286 1.6397429 0.0000000 2.3136203 2.0660143 0.9483980 2.6773426 1.2138072 3.0298403 2.4776699 2.4233653 1.2022037 2.5200282 1.3300213 2.0665020 1.6569577 1.6302972 2.1378321 1.5096004 3.1515416 1.2079604 2.3008363 2.3367783 2.6526043 2.5839375 1.8397116 1.8812063 1.4196464 3.1304235 2.6767585 1.9315913 1.9288908 2.5475863 2.2260692 1.5600108 1.9487759 2.6039164 1.6401996 0.2687619 1.6625782 2.3290469 1.8227214 2.8380210 2.8240685 2.9863472 2.9562516 2.4455613 2.9493462 1.2318502 1.7140494 0.7549809 3.2457134 1.6703453 2.5684640 2.4448109 1.4557282 1.6785875 2.7189039 1.7976970 1.6070221 2.0274931 1.2483844 3.0404069 2.3170710 1.5003627 0.7729729 3.6925505 1.9253439 2.9189705 2.7329053 1.5795392 1.6593569 2.8717910 2.0830133 2.5445560 1.3422456 1.7827071 1.8895887 2.5507348 2.9157170 1.6578489 2.1761569 2.2501729 1.8259848 2.7990256 2.5678590 1.9815586 1.1943279 3.8871902 3.0518778 1.8333102 2.8466539 2.5371730 2.3403449 2.9344707 2.1213058 2.7116239 2.8630602 2.5743904 2.2047251 2.8428444 0.8672449 2.3746084 1.5394303 3.3552730 1.2044925 1.6644910 2.4403725 2.1561670 1.8145090 1.6980356 2.6658629 1.2690195 3.1525758 2.2336363 1.9322878 0.5845697 5.2243369 2.5275489 2.6804926 3.0135006 1.2279516 2.5681053 2.1572564 1.9467753 2.3076299 2.3936181 2.9944106 2.2947860 2.2173844 1.6101432 2.2397494 1.9992207 1.4760570 2.6484262 2.7235622 2.7500415 1.0118889 2.4725105 1.5718346 2.4780121 4.3778990 2.6095420 2.9539392 2.3958219 2.9127169 0.8039991 1.0311738 2.6716510 
AT_AT2G47260.1|PACid_19638986      2.2281665 2.9237302 1.4649858 2.3136203 0.0000000 2.2539626 0.9356698 2.9288839 2.6335960 2.0565279 2.5028774 2.6416984 2.2373385 2.6000083 2.5575791 2.1546258 1.7408426 3.1759564 2.2465512 2.1588107 3.0199007 2.3670333 2.8238396 2.8898549 2.1901863 2.1457211 2.8537478 1.0916764 2.6515343 2.6364969 2.7710667 1.9131486 1.5749726 2.9894578 2.0313398 1.0564591 2.4656704 2.8067591 1.5963515 2.3087964 1.8766394 2.7995936 1.3158998 2.6796305 2.4658392 2.6468017 2.9035468 2.6242430 3.0848510 1.3603668 1.8696394 2.2441895 2.1348716 0.7164572 2.4846648 1.3292225 2.4335347 1.3589333 2.9424905 2.1321142 1.3926964 1.3963418 1.1663337 2.7585651 2.6593829 1.6367680 2.0161619 2.9898237 1.9689723 2.2053433 2.8186696 2.3782271 2.5961689 3.2138734 1.5263613 2.2677497 2.6670138 1.0880014 1.1818321 1.9577286 3.1284442 2.2843500 2.3468714 2.8258036 2.5308649 3.1131492 1.6940493 1.9481170 2.6761189 3.9279054 2.3351575 1.2887416 2.1630112 2.5466062 2.3720374 3.0067509 2.4391335 2.6755301 3.2581663 2.6500574 2.5393975 2.1369709 2.0056903 2.7975242 1.6413793 3.0285789 2.7021988 1.3118577 2.2992650 1.7983382 2.3321318 1.4494999 2.3191307 2.0765403 3.2583998 3.1314322 2.1338186 2.2571725 4.9305810 2.1922587 2.9720525 1.9875211 2.5068183 2.1200501 2.0844001 1.1190999 2.6318926 2.3608771 2.8765988 2.7587406 1.3870955 1.4593393 1.6004131 0.9387434 2.7078228 3.0224036 2.9122744 2.9795141 1.2577239 2.7812762 1.2817329 2.0688337 4.8689444 3.1941265 2.7419291 2.3767684 2.9715031 0.7677707 2.6077962 2.4627229 
AT_AT2G25000.1|PACid_19639530      2.5359249 3.2581570 2.0289535 2.0660143 2.2539626 0.0000000 1.3111789 3.0940738 2.2644977 3.2148173 2.9647170 2.7729997 2.0269782 2.3682401 2.2760487 2.1370898 1.7683876 2.8701327 0.3952503 2.4177722 3.0037754 2.2199356 1.5832088 1.7093845 2.6818238 2.8950811 2.5971755 2.0822059 2.7564361 3.1632759 1.6000046 2.1859434 2.4194406 1.9847206 0.8313671 1.7944210 1.3841039 3.0893203 1.6618492 2.2414496 2.1800809 2.8321888 2.1486980 1.3972345 2.7178526 3.2581247 3.6727470 2.0266085 3.1825237 1.6865778 2.0323090 2.3882685 2.9898701 1.7068970 2.4817380 2.4074493 2.5962295 1.7553109 2.9461492 2.4319544 1.8610193 2.3626977 1.5797487 3.0010310 1.5580661 1.5953439 2.0748402 3.3551713 2.2334197 2.7360447 2.5421453 2.2277232 2.6480744 3.4107743 1.7731781 2.4869120 2.4015083 2.3297007 2.3047866 3.1773553 1.8253446 2.1725286 2.5751956 3.2918427 2.3084644 1.5307385 1.8575232 2.5200210 2.6096357 3.3763818 2.9611836 2.3432020 2.5989281 1.0472907 2.3536379 1.9632152 0.9012858 2.5702184 3.0177419 1.0210418 1.6557799 2.9973966 2.5592042 2.3665327 1.7558957 1.5769027 2.6578741 1.7519351 2.4679020 2.3396864 2.1768242 1.9676352 2.2951157 2.4527955 2.9466154 2.7504035 1.9204171 2.2479975 4.6046743 0.7850269 1.6236645 3.0055622 2.3451477 2.5874213 2.1583944 2.0841224 1.6843413 0.7606066 2.5932311 2.5300064 2.7057724 1.9174398 1.9948921 2.0138864 2.4889506 1.3799097 2.8063003 2.9231346 1.4324373 2.9121116 1.4967142 2.2413477 5.4334957 2.8980591 2.5340699 1.7271772 1.4131392 1.6067663 2.1491681 2.7640757 
AT_AT2G46130.1|PACid_19639763      1.2513125 1.6679524 0.5690952 0.9483980 0.9356698 1.3111789 0.0000000 1.5936772 1.0741714 1.5072650 1.5686465 1.7093031 1.0448801 1.3634131 1.2814562 1.2258371 1.0046250 1.6131680 1.4161361 1.2941936 1.7285203 1.1517041 1.1870023 1.2436476 1.3535961 1.6218483 1.3183909 0.7609276 1.1176660 1.5273380 1.1190011 1.3985126 0.6516237 1.3892609 1.2020060 0.8050172 1.2828073 1.4699972 0.4587272 0.9512487 1.4136810 1.3555176 0.7724284 1.2071224 1.7036898 1.6977276 1.3722815 1.1245225 1.5864014 0.9304438 1.5943080 0.8958183 1.2136974 0.9311907 1.6043179 0.8564329 1.0709432 0.4223752 1.6934964 1.2520095 0.7126609 0.8489058 0.6923430 1.5658348 1.3468252 0.9971857 0.9443431 1.6930062 1.0796521 1.1934470 1.5436848 0.9774312 1.5611187 1.5179124 0.6271695 1.5654598 1.1928673 0.7761771 0.8282992 1.0089010 1.3083390 1.6230719 1.0844536 1.6049378 1.6161505 1.1326601 0.3183105 0.8446999 1.1604236 3.4511996 1.4283520 0.8730474 1.3521480 1.3134997 1.6273544 1.2940972 1.3141070 1.6518102 1.8053409 1.3414996 1.1480064 1.6502862 0.9917312 1.5196103 1.0812251 1.1929016 1.0207607 0.8073953 1.4912849 0.6991323 1.4303772 0.6490300 1.3238693 1.1939822 1.4923594 1.4494757 1.5950912 0.8751980 3.9950680 1.3095079 1.2689906 1.3763448 1.2082709 1.5051223 1.3378496 0.8147467 1.1981887 1.3736309 1.6501465 1.2726319 0.9274696 0.6333342 0.3879957 0.7367532 1.1707132 1.1860094 1.4381702 1.5232815 0.5176581 1.5986815 0.7444029 1.3838890 3.4821948 1.7134105 1.8679049 1.2254719 1.2033508 0.7833376 1.0478230 1.5571824 
AT_AT2G34830.1|PACid_19639979      3.0806927 2.9511525 2.3964657 2.6773426 2.9288839 3.0940738 1.5936772 0.0000000 3.3911097 1.8248972 1.8613352 3.4127751 2.9201943 2.6151300 3.1962440 1.5194239 2.3385613 3.7791875 2.9897981 1.2011289 2.8680896 3.1965942 3.0155657 3.3382616 1.7648862 1.7691354 3.6979849 2.5412454 3.9553632 2.8182794 3.7408065 1.5474190 2.5795312 2.8438816 2.5847484 2.4509252 2.9118711 3.6339383 2.5838170 3.1263122 1.2003548 3.9473963 3.5342881 2.9975926 2.7364247 0.3610758 3.3189766 2.8952246 3.2581352 1.7330331 1.3722582 2.9180412 1.8028120 2.3716663 2.9944632 2.9234553 3.8020598 2.2346103 3.0435589 1.4130853 2.0380314 2.4714349 1.9294512 2.8151743 3.0889443 2.4489237 2.5697862 1.6152146 2.6283669 1.7071023 3.2630368 3.3991618 3.9455966 1.2150014 2.4306776 1.6287586 3.2680154 2.8381867 2.8307472 3.8359225 4.0811127 1.7049087 3.8984729 2.9510821 1.4512235 3.0315275 2.9457733 3.3185826 3.2497793 3.9159685 1.9697871 3.1296824 3.1005522 3.1957656 1.4292929 3.5608828 2.7042282 2.6010670 3.0070064 3.5642297 3.1386445 2.0549760 2.8457482 3.0937217 1.9753466 3.4696952 3.5308061 1.7627725 2.6981861 2.9458617 1.1766616 2.2972130 1.7203836 2.8505020 3.0872747 3.0859252 1.4179616 2.5132815 5.4422794 3.1613071 3.4425843 1.9860969 3.2666823 1.6185969 1.7620692 2.6735621 3.3296678 3.0876396 3.4615869 3.3302620 3.1465059 1.9661228 2.7495532 2.9360991 3.6085251 2.8690744 2.8433069 3.3654218 1.9068210 0.8619915 1.7624386 1.6202719 5.3582814 2.9300102 3.5530776 2.7567394 3.2980595 1.7870728 2.9973937 2.0017763 
AT_AT2G38470.1|PACid_19640205      1.3681599 3.4582309 1.4972254 1.2138072 2.6335960 2.2644977 1.0741714 3.3911097 0.0000000 3.0043388 2.1288422 2.9798832 0.9850353 2.5645580 1.5242383 2.0250340 1.9138242 2.3294284 2.4732293 2.2013216 3.7198941 1.4823648 2.5903018 2.7804301 2.0632192 2.3966234 1.8510105 2.1939084 1.5076517 3.2386369 2.6029013 2.4043377 1.7669587 2.7164161 2.3595233 2.1653201 2.4200877 3.1280259 1.6687053 1.2017649 1.9619918 2.3410587 2.1387358 2.7786031 2.9172898 3.1831106 3.4100692 2.6591596 2.9344257 1.2884951 2.2442265 1.0741289 2.7588824 1.9996010 2.7020042 2.4641991 1.4806189 1.7159769 3.2374869 2.7478842 1.6588133 2.5064390 1.4903140 3.1324160 2.2504200 1.4625664 0.6991759 4.0477338 2.2603959 2.3979051 2.2921022 1.5182104 1.6484180 3.7141441 2.0211861 2.6491769 1.5151992 2.1863944 2.5385212 3.1856699 2.8529821 2.0908128 2.9078090 3.0988033 2.5641667 2.7984427 2.4414401 2.0891474 1.0170086 5.1637442 2.9755507 2.2708990 2.9432773 2.9431578 2.5075280 2.9734679 2.4358723 2.6443433 3.7311454 2.6987684 2.4737270 2.7072780 1.3223797 3.2584153 1.5113837 3.4785331 0.7679687 1.5729062 3.3487565 2.0324581 2.7203657 1.9353809 2.2298947 1.3397142 3.6592470 1.9998970 2.3259638 1.2133958 6.8793878 2.6872340 2.8660093 2.6950505 1.3593726 2.7827112 2.3852442 2.1375872 2.6847884 2.4654641 3.0829671 3.3723170 2.1273374 1.6290493 2.2919744 2.3484365 1.6000721 2.7940908 3.4494754 3.2229583 1.2047662 2.9791493 1.2414976 2.2729253 6.3254954 3.4653898 3.4486196 2.5492060 2.9302148 1.2004966 0.8109083 2.9580705 
AT_AT2G30590.1|PACid_19640610      3.3083023 3.2194586 1.8593200 3.0298403 2.0565279 3.2148173 1.5072650 1.8248972 3.0043388 0.0000000 1.1295420 2.4659580 2.8714858 2.6248935 3.3830443 1.1675476 2.0789717 3.8528170 2.7917200 1.5428831 2.9079274 2.8845883 2.5287107 2.4390603 1.2425849 1.2014594 3.4827907 1.7612848 2.9242504 2.5398102 3.2470754 1.7825697 2.6764010 3.1375240 2.4528319 1.7444075 2.8699541 3.4257974 2.0546914 2.7417574 1.3577748 2.8595303 2.2181066 2.8658662 3.0650141 1.9512201 3.4310681 3.1510664 3.1654155 1.6157780 1.1323334 3.8068663 0.7609027 1.7587457 2.2577339 2.4682159 3.1208291 1.8622170 2.6988206 1.7144670 1.9425943 2.0785699 1.7036944 2.5853860 2.7283661 2.2737926 2.0622546 2.7964300 2.2142162 0.6551822 2.7960666 2.8028541 3.3586406 2.3671199 2.1289265 1.0913249 2.9194577 2.0128274 2.3651041 2.8267572 3.0766756 1.3756629 2.6301445 2.3529254 1.3884377 2.4238091 2.6894523 1.9884645 2.8020712 3.9265399 0.8353126 2.0714185 2.6884421 2.7523995 2.0656801 3.0148793 2.4884596 2.2677752 2.0369433 2.7979718 2.3909724 0.8340815 3.3456890 2.5948256 2.1010478 2.8992230 2.7162767 2.2560688 2.5980646 2.4820623 1.3820064 2.3163357 1.2184102 3.2688043 2.9224157 3.5314817 1.2266236 2.4997615 4.5433437 2.5931393 2.8669351 0.4738182 2.7678398 1.3350806 1.7854151 2.1754280 2.4493686 2.3278485 2.3354614 2.1991411 2.8388763 2.5504063 2.4213566 2.1151952 3.3499030 2.6095296 2.9025723 2.9182489 1.5109020 1.7549997 2.0474189 1.0851041 5.2549746 2.6648803 2.5085403 2.7879889 2.6344138 0.9065013 2.7874176 1.3386511 
AT_AT2G24570.1|PACid_19640773      2.8672098 2.2840402 1.9129793 2.4776699 2.5028774 2.9647170 1.5686465 1.8613352 2.1288422 1.1295420 0.0000000 2.5179743 2.5953389 2.0344172 2.6245425 0.9851840 2.0713107 3.4930049 2.9180108 1.3879872 2.4966972 2.2648589 2.4904464 2.2417278 0.8881053 0.2467974 2.0266980 2.2304947 2.6236980 2.3200393 3.1623720 1.6055589 2.3677323 3.0332837 2.4269027 2.1714631 2.8997261 2.7142133 1.8471421 2.2654671 1.2683078 2.9650294 2.1473536 2.7112469 2.4742015 2.0282685 2.9965629 2.4271102 2.6762141 1.6135844 1.0357474 2.4176922 0.9649481 2.0509083 2.1947191 2.4951939 2.7943160 1.8537920 2.2845561 1.8119506 1.4307675 2.4592789 1.8030025 2.4593660 2.5771875 1.7337782 1.5819968 3.1016089 2.1218824 1.1361949 2.2455456 2.6038887 2.5720019 2.3876964 2.3342704 0.6174167 2.2529536 1.9758989 2.0351999 2.6045385 2.5520643 1.3183765 2.1659985 1.9722137 1.3035999 2.4049405 2.4986386 2.0656981 2.3043076 3.5878428 1.2441526 2.0170566 2.6492971 2.2498521 1.7897282 3.0141991 2.5417132 1.9109795 2.0628778 2.8126683 2.7160619 1.1837063 2.4557731 2.4962297 2.1315474 2.9638071 2.3594447 1.9273198 2.4576599 2.5418399 1.5422312 2.1491640 0.8349681 2.9850574 2.6125534 2.7061975 1.3378855 2.1266838 4.7126059 2.2236606 3.1352325 1.0078424 2.2627722 0.6823885 1.8018613 2.2906610 2.5901279 2.1570982 2.0234369 2.0856700 2.3585794 1.9212156 2.2331237 2.6240571 2.7402445 2.7747975 2.3355900 3.0988908 1.4705306 1.5652967 1.8013419 0.8614347 5.4829106 2.6693459 2.5282218 2.7904112 2.5408019 1.1234295 2.3285046 0.7026191 
AT_AT2G46400.1|PACid_19641583      2.1992713 2.2529748 2.3526429 2.4233653 2.6416984 2.7729997 1.7093031 3.4127751 2.9798832 2.4659580 2.5179743 0.0000000 2.4161010 2.1620877 3.0699265 2.2454620 2.7165685 3.5626493 2.6600183 2.3725660 1.7156226 3.0886595 3.0090568 2.9896364 2.1977311 2.3044269 3.6814523 2.4049895 3.0330932 1.6867364 3.1228390 2.3062692 2.1795799 2.6936761 3.5632875 2.2000143 2.7628234 1.9980362 2.1534086 2.6059712 2.4913883 3.7780146 2.8237969 3.0960006 2.1549110 3.2828544 2.3535488 2.9244684 2.3359483 2.0240335 2.7447135 2.5578182 2.2248599 2.2628136 1.8294560 2.8108438 3.6562896 2.5548030 2.2606670 2.6946551 2.0910847 2.4981200 1.9686916 2.6110889 2.9381221 2.5104295 2.5156545 3.4193395 2.4389419 2.2392664 2.0317817 3.0767155 2.9082921 2.9648270 2.3211638 2.3362421 2.9772173 2.6369567 2.9545998 3.1185011 3.6980917 2.7996088 2.5693443 1.6113908 2.7481243 3.2682327 1.8720421 3.1551765 3.1366892 4.4782660 2.3866136 3.0423284 2.4170989 3.6740344 2.4485036 2.8831041 3.0445517 1.4492804 2.4461794 3.1708469 2.8236494 2.6308488 2.8994552 2.1564369 2.4706666 3.2214768 3.5315609 1.9520358 1.8951719 2.5530853 2.2873584 1.8381208 2.3467109 2.9094474 2.0837769 2.9862687 2.7065067 2.4791734 5.9139575 3.2696058 3.0064916 2.1251663 3.4844152 2.2323624 2.4803734 2.4388214 2.9415330 3.1316753 1.8868170 3.3929409 2.6250659 2.2105229 2.3150160 2.4597095 3.3392202 3.2294320 2.9003311 1.9808158 1.9607683 3.1230985 1.8673108 2.1335906 5.3335327 1.6538770 1.6937988 2.9933411 3.0216929 1.9607631 3.1691452 1.9372938 
AT_AT2G30250.1|PACid_19641915      1.3275685 3.0592143 1.6002292 1.2022037 2.2373385 2.0269782 1.0448801 2.9201943 0.9850353 2.8714858 2.5953389 2.4161010 0.0000000 2.4969521 1.3999008 1.9770616 1.6258553 1.9144595 1.9900538 2.0484213 2.9877656 1.2983168 2.3949777 2.4446927 2.3527713 2.5577660 1.6373498 1.8677954 1.3969576 2.9485875 2.1986156 1.7562507 1.7512266 2.7791983 1.6995177 1.4958090 2.1147289 2.7428168 1.5587739 1.2777479 1.6986437 2.0563674 1.6401084 2.3966793 2.2204293 2.9425561 2.9605278 2.1042538 2.5370033 1.2359921 1.7690191 1.2059430 2.6370668 1.7113370 2.3880077 1.7042745 1.3630050 1.3182035 2.2174596 2.1129962 1.5232486 2.0888358 1.2527949 2.5584381 2.1314454 1.2427646 0.6688599 3.5076635 1.9890154 2.5301150 2.1856787 1.3365890 1.4810457 3.3501541 1.9777876 2.5265167 1.4405013 1.5403780 1.6690631 2.8189202 2.6284843 1.7493115 2.5036096 2.6759001 1.7272321 2.6798958 2.6500763 1.3823375 0.9211960 4.1386179 3.1857797 1.6759547 2.4733137 2.4179116 2.0831227 2.4855185 1.8898435 2.0485835 2.7088626 2.3338081 1.8931046 2.9824023 1.3451724 2.3305319 1.6282991 3.0971299 0.8117900 1.7121555 2.4639788 1.8698046 2.4069474 1.6963028 2.6512592 1.5188311 2.9303412 1.8464977 1.7191815 1.1492511 5.4437362 2.2528677 2.2298712 2.8962233 1.2837498 3.0113140 2.2455835 1.7552414 2.2768048 2.3140229 2.5852747 2.3425202 1.9659000 1.5931667 2.2741900 1.6310878 1.4859808 2.4405941 2.8331121 2.6820311 0.8843929 2.5151560 1.2319549 2.4050167 4.9998220 2.3936577 2.7745877 2.1631737 2.7242077 0.7023232 0.7903995 2.8771377 
AT_AT2G40740.1|PACid_19642333      2.1903505 2.2067770 1.8867350 2.5200282 2.6000083 2.3682401 1.3634131 2.6151300 2.5645580 2.6248935 2.0344172 2.1620877 2.4969521 0.0000000 2.5412422 2.2119113 1.6600858 3.4846540 2.4913306 2.3295000 1.9190613 2.2675116 2.2681793 2.3530223 2.2370512 2.0775066 3.3809102 2.8019525 2.4419625 2.1900836 2.6387579 2.3043529 2.3158390 2.4514356 2.3521536 2.0847286 2.0776837 2.0470553 1.8983126 2.4148200 1.7069772 2.9846161 2.1082188 2.4737599 2.1310155 2.8538155 2.1026728 2.3724333 2.3237720 1.9074738 1.8738060 2.3473284 2.3930256 2.1560777 1.7356155 2.2005296 2.6081332 1.7966832 2.3111256 2.0378042 2.3059929 2.9913073 1.5989722 2.3082766 2.0839108 2.6206972 2.2521235 3.3264546 2.6190153 2.2691452 2.0841481 2.6918846 2.7467925 3.0083711 1.6393550 1.8094814 2.4486257 1.8943434 2.2163388 3.0315447 2.9837055 1.9443765 2.2582513 1.6066346 2.0233265 2.6063004 2.1015640 2.0247342 2.7172174 3.9630984 2.5469256 2.2749681 2.3632006 2.6833295 2.4972010 2.6850453 2.7583770 1.5153030 2.0099528 2.4993551 2.1705241 2.6351648 2.5593384 1.8733222 2.1216153 2.7227919 2.8001834 1.9222774 1.8466284 2.1877741 2.0733008 1.8062219 2.0867105 2.9199640 2.2331575 3.3913263 1.7448863 2.1308813 5.2234004 2.3103976 2.4744424 2.4158784 2.3733170 2.3057085 2.3789491 2.0770500 2.7071989 2.2044093 1.8011781 2.6211571 2.5805270 1.7768833 2.0525546 2.4004746 2.5249698 2.3731202 1.0662026 2.7240960 1.9457071 2.6356214 1.9677153 2.1127224 4.7154285 2.1816046 1.8809392 2.1270569 2.5138306 1.9058055 2.5672432 2.0998488 
AT_AT2G04880.1|PACid_19642396      1.8400228 3.8000704 2.1011235 1.3300213 2.5575791 2.2760487 1.2814562 3.1962440 1.5242383 3.3830443 2.6245425 3.0699265 1.3999008 2.5412422 0.0000000 2.3861517 1.8766504 2.8348103 2.3774587 2.1131072 3.1806292 1.4621435 2.8693125 2.7967773 2.5528997 2.8296165 1.7127677 2.0642752 1.8267082 3.2679571 2.7051908 2.3208681 2.5897774 2.7269291 2.3248494 1.8431976 3.5448454 3.3849623 1.9596517 1.3573108 1.9709104 2.9314881 2.1598246 2.8779216 2.9805032 3.2238167 3.5379601 2.2870716 3.4804542 1.6783071 2.0998753 1.4643544 3.3781987 2.1220132 3.4193084 3.1522508 1.9170363 1.9545752 3.2837580 2.4075177 1.6579739 2.0621060 1.7629909 2.7239229 2.7852022 1.9706619 1.0471187 3.5916878 2.5561243 3.0908658 2.9593385 1.7984902 1.7853026 3.3566074 2.3544719 2.6212154 1.5775833 2.4356322 2.4706196 3.5835375 3.2292826 2.1381269 2.9635259 3.3984891 2.0992742 3.1452569 2.6492443 2.8717866 1.6156617 4.1516132 3.0506624 2.6665158 3.0128474 2.2126566 2.4580371 3.3640140 2.5663261 2.6379731 3.1205543 2.1890548 2.7452324 2.9238903 1.4963290 3.2501703 1.9772161 3.1387687 1.4790010 2.0371054 2.8081883 2.0683881 2.3014860 2.0251498 2.6946175 1.5540721 3.6315893 2.1246025 1.9554455 1.4851119 6.0714966 2.7774697 3.0910575 3.0682404 1.4847859 2.7350027 2.5267386 2.4367175 2.6577261 3.0065808 2.9459862 2.7253723 2.6237099 2.4643704 2.5001179 2.2632211 1.8963626 3.1282724 3.0140718 2.7567227 1.4517169 3.0472028 1.6208741 2.5047555 5.4500717 3.4429847 3.2033835 2.7392310 3.4250664 1.1136924 1.4118227 2.6830444 
AT_AT2G23320.1|PACid_19643488      2.3637444 2.8367534 1.9172966 2.0665020 2.1546258 2.1370898 1.2258371 1.5194239 2.0250340 1.1675476 0.9851840 2.2454620 1.9770616 2.2119113 2.3861517 0.0000000 1.8000215 3.4658461 1.9955879 1.4787203 2.3864495 2.1469182 2.2961798 2.3142178 0.7707745 0.8765013 2.5939418 2.1058551 2.6669089 2.2367950 2.9236738 1.6902088 1.8272451 2.4630708 2.0651422 2.1761136 2.1333037 2.6012724 1.7343201 1.7910626 1.3789176 2.4834388 1.8687992 2.7252150 2.2864587 1.6790567 2.5111865 2.2400427 2.4520129 1.4496278 1.1076131 2.3019166 1.0887839 1.8368667 1.9837023 2.3808708 2.4895538 1.7287498 2.4073569 1.7671164 1.1002730 2.1047177 1.4545794 2.1240341 2.0817599 1.7459685 1.4269863 3.0269619 1.9709134 1.1115770 2.4905851 2.3500763 2.3565121 1.8769955 1.8555250 0.9553138 2.4615084 1.8578547 2.2745062 2.4239030 2.8319503 1.3886482 1.8473563 2.0610241 1.4459015 2.1539802 2.1217804 1.9335518 2.0248024 3.3518568 1.1412744 2.0999661 2.4073789 1.8003992 1.7403120 2.7425946 1.9619889 2.1358899 2.2544259 2.2146612 1.9856263 1.1813767 2.2513410 2.4697893 1.8991723 2.4238593 1.9828664 1.8559484 1.9699948 2.1964499 1.6035771 1.5172902 0.6685384 2.8142355 2.0904879 2.7645895 1.4100679 1.9309856 4.3751682 2.0181919 2.4024008 1.0868359 1.9754110 1.0672604 1.5736842 2.0054489 2.2953773 1.7968570 2.0517175 2.0613928 2.5803607 1.7221938 1.7774495 2.4118530 2.5546507 2.2617085 2.3483564 2.6177025 1.3234239 1.4263482 1.7359484 0.6380965 4.5568170 2.3005415 2.3049079 1.9399695 2.1871231 1.1002790 1.8779677 0.8889869 
AT_AT2G21900.1|PACid_19643565      2.0448827 2.7044880 1.5622030 1.6569577 1.7408426 1.7683876 1.0046250 2.3385613 1.9138242 2.0789717 2.0713107 2.7165685 1.6258553 1.6600858 1.8766504 1.8000215 0.0000000 2.6186894 1.8288489 1.9240857 2.6435695 1.6730669 2.5925729 2.5590958 2.0335775 2.1093084 2.7074877 1.3617213 1.9624266 2.7836356 2.8138697 1.7869657 1.8877260 2.6464472 2.1693282 1.4867778 2.9390103 2.6931673 1.3812198 1.8668385 1.9053240 2.1110159 1.4335971 2.9517845 2.7401913 2.0734845 2.6758092 2.3565167 3.0581247 1.2457295 1.7228791 1.8074802 2.2138956 1.4278093 2.4987665 1.8232511 1.9392722 1.0771167 2.5442095 1.9919552 1.0619000 1.4222373 1.3636913 2.6457578 2.8398271 1.0044984 1.3951169 3.0262327 1.7541383 2.1213892 2.1012404 1.7224681 2.0472650 2.3712732 1.7613815 1.9029855 1.8340760 1.4567516 1.6963020 2.0569470 3.1480573 2.2462155 2.0934725 2.3573336 2.2558071 3.0261565 1.8514851 2.0252138 1.7290458 5.1841277 2.0800172 1.5805057 2.1506175 2.3800627 2.3357063 3.1444129 2.1397267 2.5483527 2.7073934 2.0889546 2.6225628 2.5075862 1.6732645 2.4935059 1.2820322 2.7422691 1.8328464 1.0719556 2.7376370 1.4919656 2.1750125 1.6316737 2.0028890 2.1542958 2.2273206 2.8664393 1.9064959 1.8084995 5.3636880 2.7087519 2.5036866 2.0989935 1.8642708 2.0892594 1.7866252 1.6927643 2.1975321 2.4275014 2.2872064 2.2222181 1.7085615 1.5851064 1.5186861 1.3296006 1.7794048 2.7540216 2.3661904 2.0671425 1.2031876 2.5786182 0.9437870 1.8411282 4.5929466 2.7302865 2.6723518 3.0587010 3.1180354 0.9058221 1.6759213 2.2829320 
AT_AT4G12020.2|PACid_19644332      2.1775000 4.2509951 2.1066977 1.6302972 3.1759564 2.8701327 1.6131680 3.7791875 2.3294284 3.8528170 3.4930049 3.5626493 1.9144595 3.4846540 2.8348103 3.4658461 2.6186894 0.0000000 2.7856387 3.0578544 4.3859941 2.4359802 3.1377921 3.1380038 3.8007456 3.6894287 2.6341519 2.4284830 2.5264330 4.3033824 3.4826030 3.1683738 2.6176807 2.8557151 2.7485977 2.4645319 3.3250661 3.7876972 2.0372199 1.5651710 3.3148929 3.6071909 2.5505881 3.6910239 3.3036140 3.9737117 3.7777012 3.5483444 3.7475902 1.8341183 2.9104738 2.0042347 4.2497653 2.3424777 4.3468616 3.2830123 2.6686575 2.0710886 3.5028475 3.5191036 1.9718711 2.7834253 2.0030102 3.9085706 3.2205586 2.1159897 1.6238465 3.7413043 3.3307550 4.0281927 4.3707077 2.5046489 2.6619442 4.5202783 2.5591023 3.9531900 2.3734351 2.9499629 2.8100990 3.9950806 3.9380852 3.3957221 3.6345022 3.8423707 3.8079811 4.0801674 3.3126323 3.5781283 2.4306407 1.3548360 3.9427649 3.1798438 4.2169103 3.8340193 3.1533830 3.8406226 3.2693469 4.1397717 4.8097380 3.9125101 3.3859814 3.3641453 1.9958561 3.8540471 3.0448418 3.8252854 2.2599127 2.2182773 3.4929840 3.1708573 3.3701768 2.4215530 3.6192577 1.9994957 4.1988994 3.1634822 3.7763983 1.8266380 4.0186318 3.4169091 3.4880773 3.9982902 2.5627517 3.6664284 3.1182863 3.0873614 3.3495536 3.5371315 4.5597466 4.4485667 2.9029794 2.0221980 3.0277212 3.1080482 2.7484957 3.7036080 3.7884937 4.1861191 1.7445448 3.7608764 1.9065930 3.2502201 3.6510118 4.0748915 5.3022617 3.2629477 3.7842224 2.0527911 2.3523215 3.4543075 
AT_AT4G31800.1|PACid_19644902      2.8801308 3.2971638 1.8711538 2.1378321 2.2465512 0.3952503 1.4161361 2.9897981 2.4732293 2.7917200 2.9180108 2.6600183 1.9900538 2.4913306 2.3774587 1.9955879 1.8288489 2.7856387 0.0000000 2.2851101 3.1743563 2.2929196 1.5334653 1.6198951 2.3067639 2.7883382 2.8786038 2.1504868 2.5126641 3.0105654 1.5402004 2.2684339 2.1692752 1.9835814 0.7873327 2.0047410 1.3550227 2.9760087 1.7371617 2.2659573 2.2277697 2.8262096 2.2343186 1.3888924 2.3737408 3.1433571 3.3283371 2.1310568 2.8527662 1.7623813 1.9756760 2.3855974 2.7059600 1.6507058 2.7830528 2.2659540 2.3576467 1.7897854 2.7037884 2.4114014 1.6735029 2.2961459 1.6517950 2.8098464 1.6097134 1.7870734 2.1699809 3.2475377 2.6403162 2.4061654 2.6482973 2.2990745 2.8885191 3.4912655 1.8637634 2.3422100 2.4625491 2.2601320 2.2886053 3.0159593 1.7340823 2.4316676 2.5503456 2.9685464 2.2933390 1.4130846 1.9639577 2.3131718 2.5175107 3.7061168 2.5778053 2.3540764 2.7249131 1.1574833 2.2376492 1.8004921 0.9461080 2.4170876 2.9823715 1.0729308 1.6750298 2.6695300 2.5389257 2.4574673 1.7443700 1.5753303 2.3278292 1.6312568 2.3938622 2.3706459 2.3458379 1.9552854 2.1880922 2.6579877 2.8498465 3.0083069 2.0303039 2.2751584 4.9744699 0.6971461 1.5584807 2.7261154 2.4158264 2.7254880 2.1631549 2.1715020 1.7281908 0.6817670 2.2745164 2.7531035 2.5083091 1.7740328 1.9193460 2.0778109 2.6046149 1.3744547 2.8896579 3.1068694 1.6018883 2.6626221 1.5303464 2.1952037 5.3529904 2.9530690 2.3260020 1.8735529 1.3743420 1.5496093 2.3182866 2.6536658 
AT_AT4G01250.1|PACid_19645584      1.8761562 2.4470179 1.5532829 1.5096004 2.1588107 2.4177722 1.2941936 1.2011289 2.2013216 1.5428831 1.3879872 2.3725660 2.0484213 2.3295000 2.1131072 1.4787203 1.9240857 3.0578544 2.2851101 0.0000000 2.1232067 1.9696300 2.5210544 2.5644469 1.2097766 1.5172719 2.5712924 1.7407666 2.4396398 2.1289752 3.2562876 1.0395415 1.7926028 2.2358982 2.2265080 1.6859100 2.7141618 1.9513315 1.5739402 1.4972931 1.1368371 2.1478087 2.1337986 3.0104409 1.7096646 1.3133427 1.9600613 2.4179257 2.0053083 1.3932892 1.2896143 1.6193714 1.5508946 1.6525034 2.6292765 2.0801130 2.2591818 1.6507217 2.3379928 0.9651219 1.2322087 1.8050760 1.6934514 2.4156583 2.3292491 2.1739344 1.5092466 1.6313819 2.3621973 1.5621342 2.5289307 2.4064740 2.6772773 1.2969217 2.0866124 1.3295957 2.3597996 2.3112279 2.5628694 2.6867461 3.0858412 1.2730082 2.1051220 2.3149343 1.4775818 2.8136156 2.1146078 2.3385006 2.0662277 3.7003910 1.5390614 2.4279643 2.2966482 2.1695876 0.9740885 2.9415927 1.8910386 2.1462394 2.2750774 2.1664246 2.7188194 1.5709872 1.6164602 2.4580943 1.7772349 3.0346736 2.0871618 1.6004441 1.8818885 2.2041578 0.6377325 1.5828215 1.5647975 1.7264630 2.0924823 2.3054300 1.1263596 1.4466007 4.5974933 2.3480888 2.6542475 1.3835007 1.9104213 1.2983272 1.1092769 1.7795666 2.8667328 2.4077209 1.9720875 3.0011547 2.0881693 1.3699886 1.7140930 2.0157409 2.2246244 2.7686548 2.5362098 2.2918540 1.6189236 0.9977006 1.1605913 1.2353121 4.7234857 2.5776174 2.0465344 2.4791778 2.9417318 1.4216897 1.8650499 1.4315476 
AT_AT4G11070.1|PACid_19646382      2.4019034 1.9445397 2.5336915 3.1515416 3.0199007 3.0037754 1.7285203 2.8680896 3.7198941 2.9079274 2.4966972 1.7156226 2.9877656 1.9190613 3.1806292 2.3864495 2.6435695 4.3859941 3.1743563 2.1232067 0.0000000 2.8011796 3.1226593 3.1967008 2.5351957 2.3521342 4.2478277 2.8329044 3.6284558 0.4990722 3.4101584 2.7146577 2.3486538 3.1859138 3.0477969 2.5393192 3.6044712 2.4072066 2.3736792 3.4304292 1.9843146 4.2329361 2.5792419 2.9896242 2.7024083 3.0798352 2.7232120 3.2599888 2.5368405 2.1053177 2.3710756 3.1974320 2.8932051 2.4762596 1.8048872 2.8131906 3.8383231 2.5974076 2.3270567 2.4008248 2.2617122 3.3788703 1.8919771 2.9788820 3.1647265 2.8551879 2.8730943 3.6527558 3.4530499 2.6770897 1.5408650 3.8249884 3.2140862 3.4868326 2.6793806 2.1245795 3.3431112 2.6517262 2.5114494 3.1588658 3.8290293 2.2671683 3.2663657 1.5414336 2.7968530 2.9483105 2.8127857 2.7061084 3.4773028 4.8498474 2.7110540 2.9528630 2.4117952 3.2806537 2.4654258 4.1153057 3.5886878 1.7424168 2.2370795 3.1093482 3.3922814 2.8315187 3.2862929 2.3172512 2.4475718 3.2680113 3.8622939 2.2578287 2.3021338 2.5233230 2.6903940 1.8419230 2.6187572 3.3211086 2.0970264 3.7964795 2.2251858 3.0633352 5.5480530 3.0707589 3.5354609 2.6715311 3.1463072 2.3579309 2.4208715 2.8405745 3.6915087 3.1339295 0.9462172 3.8105353 3.1871808 1.9495010 2.7285873 2.7398062 3.7554020 3.1680633 2.2753222 1.8954554 1.7707603 3.0721769 2.1826713 2.4271822 6.0060003 1.3591197 0.9469084 3.5152696 3.0793707 2.2348371 3.5063497 2.4663156 
AT_AT4G26640.2|PACid_19646464      1.6403808 4.1532302 1.6834944 1.2079604 2.3670333 2.2199356 1.1517041 3.1965942 1.4823648 2.8845883 2.2648589 3.0886595 1.2983168 2.2675116 1.4621435 2.1469182 1.6730669 2.4359802 2.2929196 1.9696300 2.8011796 0.0000000 2.7468208 2.7132172 2.4431600 2.3664666 1.8294328 2.1954335 1.4254886 2.9319216 2.5926581 2.3518245 1.8364600 2.5736545 1.9792213 2.0720934 2.4231332 3.2446182 1.8720463 1.2860473 2.3383095 2.4708170 2.1128770 3.2204454 3.2402086 3.2124768 3.2954658 2.5302463 3.2143503 1.4571973 1.8945227 1.2558940 3.0506514 1.7190755 3.2317552 2.7520329 1.4004036 1.8028729 2.7789740 2.6032901 1.4827211 2.5596853 1.5286136 3.2002853 2.5903562 1.5588208 0.9510415 4.0529718 2.4194276 2.7761262 2.4096944 1.5380426 1.5814347 3.5773479 2.2793522 2.3573499 1.0517304 1.9713492 2.3755613 3.1524084 2.7170526 2.4532996 3.1785967 2.5622841 2.3181206 3.1058284 2.4589381 2.2817567 1.3609812 5.2429006 2.8784699 2.3834722 2.7441933 2.5546948 2.4007629 3.1322475 2.0546776 2.5521721 3.0081780 2.4917517 2.3410261 2.6251193 1.4244266 2.5933061 1.7962194 2.9649218 1.2614924 1.5681670 2.7678822 2.1135811 2.7690597 1.9055126 2.4007240 1.4330260 3.6233026 2.1979638 2.5977113 1.4369110 5.9942245 2.4599994 2.8665113 2.6713585 0.7961673 2.6273614 2.8242057 2.3001015 2.5525013 2.3568946 2.8184127 3.1885858 2.4802361 1.8195351 2.2841223 2.0987704 1.5490583 3.0174103 3.0979073 3.0861622 1.0603609 3.2244028 1.2838017 2.1529711 5.6210648 2.9213474 3.0367708 2.5750612 3.1453001 1.1481275 1.2117126 2.6122278 
AT_AT4G22070.1|PACid_19646691      2.4017958 3.8660239 1.9966108 2.3008363 2.8238396 1.5832088 1.1870023 3.0155657 2.5903018 2.5287107 2.4904464 3.0090568 2.3949777 2.2681793 2.8693125 2.2961798 2.5925729 3.1377921 1.5334653 2.5210544 3.1226593 2.7468208 0.0000000 0.2821118 2.3994954 2.4866639 3.0351293 2.7737782 2.8182366 3.3754475 1.0036825 2.6161155 2.6591010 1.4506711 1.4294986 2.5775298 1.3887755 3.3167296 2.2406742 2.3309984 2.0674581 3.3719167 2.4638193 0.4795789 3.2662550 3.2047023 3.3066758 1.3124409 3.2879541 1.6544024 2.3262636 2.5998416 2.7752254 1.9773895 3.4290962 3.0572775 3.0403936 2.0807143 2.9751461 2.4664799 1.8332422 2.8738001 1.5044476 3.8034152 1.3668283 2.0188097 2.3483161 4.1962078 2.2481461 2.6884563 3.1272999 3.0389051 2.6015077 3.5295130 2.5466557 2.6699073 2.9979493 2.3948674 2.6688878 3.1760677 1.1366150 2.4589231 2.7944550 2.5506970 2.5006147 0.6454304 2.3678965 3.2627787 2.6220205 4.2667496 2.5898563 3.3414710 2.5762732 1.8726102 2.5687773 1.5032543 1.6008719 2.0419712 3.1954825 1.8585656 1.2548012 3.0696849 2.5184305 2.8272301 1.7426017 0.9122121 2.7860168 1.9395305 2.8724407 2.3716156 2.8306066 1.8232001 2.7159005 2.5378404 3.8946322 2.8171158 2.3207005 2.3650751 5.1201329 1.3165526 1.3628315 2.6043289 2.8909672 2.7701271 2.9296881 2.7161935 1.2645923 1.4216348 3.2320969 2.8844466 2.6744312 2.0009563 2.6368367 2.5716575 3.1352957 0.6504015 2.6213777 3.1251042 1.2967210 2.8877329 1.5914637 2.1829953 5.3455835 3.2832353 3.1127832 1.3523200 0.6288904 1.4415072 2.6439846 2.9828711 
AT_AT4G04450.1|PACid_19647041      2.3656472 3.9769751 1.8961860 2.3367783 2.8898549 1.7093845 1.2436476 3.3382616 2.7804301 2.4390603 2.2417278 2.9896364 2.4446927 2.3530223 2.7967773 2.3142178 2.5590958 3.1380038 1.6198951 2.5644469 3.1967008 2.7132172 0.2821118 0.0000000 2.2972848 2.3376092 3.0740212 2.5260964 2.9588424 3.4490394 1.0054434 2.7109403 2.4206044 1.3816730 1.4768985 2.5975307 1.4270536 3.5373395 2.1745591 2.4711394 2.1452963 3.3048076 2.3204665 0.5171033 3.0795890 3.2231627 3.1761369 1.3803020 3.4795271 1.5466684 2.2895775 2.5246251 2.7782998 1.8648858 3.4974162 2.8746334 3.0706730 2.0968054 3.1315321 2.5035818 1.7610129 2.6577051 1.5349725 3.6356013 1.3559865 2.0828890 2.4168532 4.1944078 2.3477879 2.7133882 3.1087798 2.9685518 2.8553563 3.6464295 2.3497021 2.7650504 2.7117644 2.5079910 2.4531321 3.2544284 1.0924423 2.5903775 2.6915860 2.7787343 2.6096567 0.6718452 2.4197417 3.1159356 2.7064789 4.1764033 2.6113120 3.3790346 2.7062483 1.9098226 2.6019050 1.6210665 1.7014905 2.1533063 3.2232131 1.7504826 1.2202318 2.9617554 2.2851429 2.8314916 1.8582407 0.8680007 2.7803087 1.9289662 3.0483776 2.2611139 2.7271657 1.7527726 2.6393153 2.5841709 3.9031993 2.6713285 2.3635107 2.2480633 5.0465656 1.3061894 1.3165409 2.5895225 2.9043323 2.8465296 3.0019259 2.5046988 1.3456876 1.4823134 3.2030728 2.8345752 2.4505568 2.0863927 2.4272001 2.6150540 3.1333386 0.6344030 2.8045414 3.0694187 1.2449082 2.8529064 1.5867709 1.9993928 5.7626037 3.0483605 3.2799813 1.2712436 0.5849844 1.4189126 2.7390316 2.9571764 
AT_AT4G24240.1|PACid_19647169      2.4773474 2.6972199 1.8011697 2.6526043 2.1901863 2.6818238 1.3535961 1.7648862 2.0632192 1.2425849 0.8881053 2.1977311 2.3527713 2.2370512 2.5528997 0.7707745 2.0335775 3.8007456 2.3067639 1.2097766 2.5351957 2.4431600 2.3994954 2.2972848 0.0000000 0.9361293 2.4585718 2.2390477 2.6356209 2.3217578 2.9591907 1.7445991 2.1578157 2.4379344 2.1806175 2.1550572 2.0612862 2.1216472 1.8280855 2.5606496 1.0457012 2.6022033 2.1621344 2.6431548 1.8856384 1.7653535 2.1560118 2.5522130 2.1588072 1.4284985 0.9872697 2.4111868 1.1431789 1.6909740 2.0178194 2.3429218 2.7360065 1.7123196 2.1100109 1.8195207 1.3690776 2.2211074 1.6271192 1.7373233 2.0269173 1.7787685 1.6182938 3.0400997 2.1341506 1.1317084 2.0162382 2.8532164 2.5120670 2.0598727 2.3379099 0.9272746 2.5636334 2.1436618 2.1597312 2.6480947 2.8148659 1.3507211 2.1016282 1.5428970 1.2259259 2.5423088 2.4758275 2.2389478 2.0162809 4.4414912 1.3146770 2.2623005 2.6658919 2.2448301 1.6888150 2.8890257 2.3183570 2.0693637 2.1115128 2.7187614 1.9706896 1.2936742 2.5505567 2.5709128 1.8705273 3.1864604 2.1967545 1.9323792 1.9299176 2.3608441 1.4049395 1.6774460 0.5308076 2.5965497 2.0764689 3.0569594 1.1005634 2.5959693 4.2566212 2.6055811 2.4515091 1.1118870 2.4864782 0.9700977 1.8351573 2.0848161 2.2571833 2.6780877 1.8999651 2.5542116 2.6753792 1.9347987 2.0528266 2.3410466 2.5890060 2.8418732 2.5249109 2.6157876 1.4533473 1.5617163 1.8828233 0.6415600 4.6414030 2.4278342 2.3715872 2.0944593 2.4118199 1.1490734 2.2048182 1.1331850 
AT_AT4G31550.1|PACid_19647358      2.8018022 2.3967165 2.1492377 2.5839375 2.1457211 2.8950811 1.6218483 1.7691354 2.3966234 1.2014594 0.2467974 2.3044269 2.5577660 2.0775066 2.8296165 0.8765013 2.1093084 3.6894287 2.7883382 1.5172719 2.3521342 2.3664666 2.4866639 2.3376092 0.9361293 0.0000000 2.3469189 2.3503227 2.8302778 2.2827553 3.1288141 1.7168153 2.2824558 3.0762373 2.4929924 2.3790699 2.9586570 2.8266078 2.1580658 2.4493944 1.4043783 2.9984099 2.1878755 2.7436478 2.2914744 2.0406364 2.6281836 2.2397616 2.5529048 1.7487044 1.0804484 2.5222436 0.9689141 2.0419750 2.0846192 2.4007589 3.0624716 1.9679658 2.3718038 1.6866238 1.1893342 2.5974735 1.8609723 2.4454504 2.3572949 2.1502816 1.6621679 3.1104086 2.1721077 1.1417100 2.1322134 2.8268115 2.9194668 2.3378478 2.6086207 0.6099134 2.3238690 2.0922409 2.3059044 2.6893894 2.7300643 1.4023989 2.0067648 1.8599072 1.5445470 2.6191682 2.6638071 2.1187769 2.2567078 3.9103520 1.1988296 2.1496268 2.6043509 2.3970763 1.6273289 3.1191810 2.6438140 2.1245434 2.1814759 2.8088880 2.4980430 1.2273186 2.6860392 2.5537334 2.2346810 3.1665778 2.5580611 1.9509223 2.3852968 2.3532507 1.5434323 1.8510530 0.7470048 2.9558156 2.4471860 2.8123723 1.4084111 2.2533876 4.9929371 2.2835724 2.7314493 1.0610105 2.4085746 0.6521500 1.8828537 2.4574033 2.4771199 2.1923539 1.9771947 2.2779197 2.4854763 1.8448960 2.6086933 2.7109316 2.8576452 2.9231363 2.2428270 2.9445012 1.4403833 1.4171643 1.8936357 0.7821723 5.2800794 2.4687626 2.2431198 2.5310857 2.5946655 1.1779481 2.4838984 0.7240490 
